Which 10 users have the highest PageRank scores in this social network? List them in descending order.

No. Node    PageRank
1.  18      246.57204
2.  737     171.27110
3.  118     115.36466
4.  1719    112.99215
5.  136     108.03627
6.  790     107.05395
7.  143     106.39378
8.  40      99.20266
9.  1619    83.52320
10. 725     81.32453
11. 849     80.81127
12. 401     78.63909
13. 27      77.78963
14. 1179    77.41826
15. 1401    75.95478
16. 77      75.91719
17. 1191    74.94866
18. 128     74.32204
19. 135     74.23212
20. 4415    72.65523
